1.975
1.803
1.867
1.967
2.033
2.071
1.939
2.031
2.019
2.129
1.975
2.031
2.062
2.068
2.023
1.934
1.912
1.912
2.055
2.042
2.085
2.056
2.150
2.141
2.149
2.073
2.091
2.134
2.179
2.257
1.918
1.998
2.017
1.879
2.027
2.071
1.893
1.962
1.983
1.953
2.087
2.042
1.981
1.985
2.029
1.985
1.958
2.173
1.828
2.060
1.964
2.069
2.206
2.083
1.949
2.091
1.893
2.111
2.040
2.019
2.152
2.151
2.148
2.160
2.207
1.901
2.075
2.009
2.087
2.021
2.041
2.063
2.044
1.988
2.030
2.083
1.952
1.913
1.967
1.898
1.903
2.107
2.065
1.981
2.047
2.009
1.989
2.003
2.015
2.070
1.975
2.103
2.034
2.109
2.121
2.137
2.060
2.191
2.097
2.040
